<?xml version="1.0"?>
<opencv_storage>
<origin_idx>54</origin_idx>
<board_width>10</board_width>
<board_height>10</board_height>
<corner_count>100</corner_count>
<corners>
  1.1265126037597656e+002 5.9800151824951172e+001
  1.5474484252929687e+002 6.0345779418945313e+001
  1.9723170471191406e+002 6.0886924743652344e+001
  2.3912843322753906e+002 6.1427360534667969e+001
  2.8125582885742187e+002 6.1768497467041016e+001
  3.2369039916992187e+002 6.2200782775878906e+001
  3.6565911865234375e+002 6.2670093536376953e+001
  4.0765213012695312e+002 6.3155376434326172e+001
  4.5015591430664062e+002 6.3557685852050781e+001
  4.9195758056640625e+002 6.4083358764648438e+001
  1.1220369720458984e+002 1.0218901824951172e+002
  1.5424678039550781e+002 1.0257844543457031e+002
  1.9662983703613281e+002 1.0321934509277344e+002
  2.3869090270996094e+002 1.0361728668212891e+002
  2.8081576538085937e+002 1.0400028991699219e+002
  3.2338696289062500e+002 1.0443128967285156e+002
  3.6532034301757812e+002 1.0484223175048828e+002
  4.0739218139648437e+002 1.0526842498779297e+002
  4.4969497680664062e+002 1.0567167663574219e+002
  4.9163659667968750e+002 1.0611552429199219e+002
  1.1194997406005859e+002 1.4454206848144531e+002
  1.5396926879882813e+002 1.4520925903320312e+002
  1.9648025512695312e+002 1.4550028991699219e+002
  2.3858995056152344e+002 1.4600657653808594e+002
  2.8061611938476562e+002 1.4647085571289062e+002
  3.2313507080078125e+002 1.4687001037597656e+002
  3.6504727172851562e+002 1.4741397094726562e+002
  4.0715066528320312e+002 1.4768943786621094e+002
  4.4954879760742187e+002 1.4813360595703125e+002
  4.9156796264648437e+002 1.4841719055175781e+002
  1.1167013549804687e+002 1.8687176513671875e+002
  1.5356268310546875e+002 1.8735334777832031e+002
  1.9630123901367187e+002 1.8761979675292969e+002
  2.3846180725097656e+002 1.8813130187988281e+002
  2.8050534057617187e+002 1.8848278808593750e+002
  3.2287042236328125e+002 1.8909396362304687e+002
  3.6470639038085937e+002 1.8948130798339844e+002
  4.0691128540039062e+002 1.8967642211914062e+002
  4.4948373413085937e+002 1.9014096069335937e+002
  4.9149450683593750e+002 1.9044540405273438e+002
  1.1127851104736328e+002 2.2925088500976562e+002
  1.5342411804199219e+002 2.2954428100585937e+002
  1.9610913085937500e+002 2.2988230895996094e+002
  2.3835742187500000e+002 2.3032852172851563e+002
  2.8038946533203125e+002 2.3061717224121094e+002
  3.2265692138671875e+002 2.3128118896484375e+002
  3.6453994750976562e+002 2.3162947082519531e+002
  4.0671237182617187e+002 2.3176420593261719e+002
  4.4938961791992187e+002 2.3220533752441406e+002
  4.9140270996093750e+002 2.3254576110839844e+002
  1.1098513031005859e+002 2.7213723754882812e+002
  1.5319168090820312e+002 2.7245178222656250e+002
  1.9564949035644531e+002 2.7280023193359375e+002
  2.3794027709960937e+002 2.7326480102539062e+002
  2.8009640502929687e+002 2.7355798339843750e+002
  3.2237460327148437e+002 2.7408273315429687e+002
  3.6431396484375000e+002 2.7442749023437500e+002
  4.0650299072265625e+002 2.7466400146484375e+002
  4.4914117431640625e+002 2.7503982543945312e+002
  4.9127572631835937e+002 2.7534304809570312e+002
  1.1074376678466797e+002 3.1443719482421875e+002
  1.5282713317871094e+002 3.1477066040039062e+002
  1.9541664123535156e+002 3.1523788452148437e+002
  2.3752717590332031e+002 3.1552624511718750e+002
  2.7957342529296875e+002 3.1590780639648437e+002
  3.2209915161132812e+002 3.1637252807617187e+002
  3.6413717651367187e+002 3.1662173461914062e+002
  4.0630532836914062e+002 3.1703228759765625e+002
  4.4882806396484375e+002 3.1731649780273437e+002
  4.9097531127929687e+002 3.1762707519531250e+002
  1.1037142944335937e+002 3.5658020019531250e+002
  1.5244520568847656e+002 3.5702252197265625e+002
  1.9494906616210937e+002 3.5742230224609375e+002
  2.3713099670410156e+002 3.5780838012695312e+002
  2.7930154418945312e+002 3.5815975952148437e+002
  3.2171420288085938e+002 3.5853082275390625e+002
  3.6373028564453125e+002 3.5891003417968750e+002
  4.0587277221679687e+002 3.5932824707031250e+002
  4.4857583618164062e+002 3.5962527465820312e+002
  4.9065155029296875e+002 3.6005566406250000e+002
  1.0972082519531250e+002 3.9911611938476562e+002
  1.5189077758789063e+002 3.9949261474609375e+002
  1.9454255676269531e+002 4.0000045776367188e+002
  2.3661845397949219e+002 4.0032452392578125e+002
  2.7873712158203125e+002 4.0070324707031250e+002
  3.2145123291015625e+002 4.0125375366210937e+002
  3.6346423339843750e+002 4.0151672363281250e+002
  4.0554022216796875e+002 4.0187524414062500e+002
  4.4817999267578125e+002 4.0228457641601562e+002
  4.9033645629882812e+002 4.0259201049804687e+002
  1.0928607940673828e+002 4.4121835327148437e+002
  1.5142109680175781e+002 4.4160525512695312e+002
  1.9398748779296875e+002 4.4216549682617188e+002
  2.3626817321777344e+002 4.4249777221679687e+002
  2.7834939575195312e+002 4.4303506469726562e+002
  3.2100442504882812e+002 4.4351269531250000e+002
  3.6326727294921875e+002 4.4397064208984375e+002
  4.0526586914062500e+002 4.4423474121093750e+002
  4.4765139770507812e+002 4.4452032470703125e+002
  4.8974578857421875e+002 4.4489947509765625e+002</corners>
<homography type_id="opencv-matrix">
  <rows>3</rows>
  <cols>3</cols>
  <dt>f</dt>
  <data>
    1.91253871e-001 1.34215318e-003 -5.39031067e+001 -1.80082244e-003
    1.90590233e-001 -5.15940170e+001 -3.29738941e-006 7.50494701e-006 1.</data></homography>
<invhomography type_id="opencv-matrix">
  <rows>3</rows>
  <cols>3</cols>
  <dt>f</dt>
  <data>
    5.23891211e+000 -4.78873774e-002 2.79922333e+002 5.40667586e-002
    5.24165249e+000 2.73351685e+002 1.68706265e-005 -3.93743576e-005 1.</data></invhomography>
</opencv_storage>
