<?xml version="1.0"?>
<opencv_storage>
<origin_idx>0</origin_idx>
<board_width>15</board_width>
<board_height>12</board_height>
<corner_count>180</corner_count>
<corners>
  2.2878873825073242e+001 2.1455282211303711e+001
  6.6744201660156250e+001 2.2921773910522461e+001
  1.0866055297851562e+002 2.2508708953857422e+001
  1.5087765502929687e+002 2.1499889373779297e+001
  1.9333430480957031e+002 2.0409715652465820e+001
  2.3652182006835937e+002 2.0072463989257812e+001
  2.7936276245117187e+002 1.9572008132934570e+001
  3.2301037597656250e+002 1.9798030853271484e+001
  3.6668237304687500e+002 1.9603607177734375e+001
  4.1044543457031250e+002 1.9660394668579102e+001
  4.5363534545898437e+002 1.9634769439697266e+001
  4.9646008300781250e+002 2.0619565963745117e+001
  5.3957775878906250e+002 2.1527692794799805e+001
  5.8234082031250000e+002 2.2451938629150391e+001
  6.2493170166015625e+002 2.2799024581909180e+001
  2.2236019134521484e+001 6.3911285400390625e+001
  6.6139602661132813e+001 6.4960502624511719e+001
  1.0791990661621094e+002 6.4565528869628906e+001
  1.5039320373535156e+002 6.3712200164794922e+001
  1.9260974121093750e+002 6.2626384735107422e+001
  2.3592015075683594e+002 6.2280200958251953e+001
  2.7896258544921875e+002 6.2102481842041016e+001
  3.2273010253906250e+002 6.1905567169189453e+001
  3.6665423583984375e+002 6.1975955963134766e+001
  4.1049087524414062e+002 6.2236984252929687e+001
  4.5359020996093750e+002 6.2574577331542969e+001
  4.9651959228515625e+002 6.3354537963867188e+001
  5.3976397705078125e+002 6.4149093627929688e+001
  5.8251904296875000e+002 6.4746208190917969e+001
  6.2519451904296875e+002 6.5270721435546875e+001
  2.1605470657348633e+001 1.0664710998535156e+002
  6.5354400634765625e+001 1.0746340942382812e+002
  1.0726113128662109e+002 1.0722870635986328e+002
  1.4956480407714844e+002 1.0650962829589844e+002
  1.9212797546386719e+002 1.0559139251708984e+002
  2.3551480102539062e+002 1.0529640960693359e+002
  2.7856372070312500e+002 1.0497620391845703e+002
  3.2254846191406250e+002 1.0484967041015625e+002
  3.6668310546875000e+002 1.0474287414550781e+002
  4.1068023681640625e+002 1.0489426422119141e+002
  4.5396347045898437e+002 1.0546265411376953e+002
  4.9677581787109375e+002 1.0627384948730469e+002
  5.4009417724609375e+002 1.0710667419433594e+002
  5.8273272705078125e+002 1.0770436859130859e+002
  6.2541979980468750e+002 1.0816660308837891e+002
  2.1178363800048828e+001 1.4955210876464844e+002
  6.4552314758300781e+001 1.4996589660644531e+002
  1.0658065795898437e+002 1.4976602172851562e+002
  1.4906695556640625e+002 1.4934402465820312e+002
  1.9166897583007812e+002 1.4864610290527344e+002
  2.3501985168457031e+002 1.4832467651367187e+002
  2.7825106811523437e+002 1.4802558898925781e+002
  3.2245431518554688e+002 1.4795878601074219e+002
  3.6664202880859375e+002 1.4787104797363281e+002
  4.1071157836914062e+002 1.4806726074218750e+002
  4.5421136474609375e+002 1.4854988098144531e+002
  4.9738409423828125e+002 1.4915774536132812e+002
  5.4045666503906250e+002 1.4986669921875000e+002
  5.8314257812500000e+002 1.5044540405273438e+002
  6.2579595947265625e+002 1.5073287963867187e+002
  2.0648662567138672e+001 1.9265495300292969e+002
  6.4029037475585937e+001 1.9297880554199219e+002
  1.0609323120117187e+002 1.9292231750488281e+002
  1.4854351806640625e+002 1.9261277770996094e+002
  1.9130302429199219e+002 1.9228834533691406e+002
  2.3459632873535156e+002 1.9193672180175781e+002
  2.7775430297851562e+002 1.9167375183105469e+002
  3.2225250244140625e+002 1.9171600341796875e+002
  3.6654782104492187e+002 1.9177012634277344e+002
  4.1062387084960937e+002 1.9202584838867187e+002
  4.5422622680664062e+002 1.9228274536132812e+002
  4.9752999877929687e+002 1.9265568542480469e+002
  5.4076544189453125e+002 1.9328602600097656e+002
  5.8333789062500000e+002 1.9367420959472656e+002
  6.2625561523437500e+002 1.9377151489257812e+002
  2.0589069366455078e+001 2.3586328125000000e+002
  6.3679954528808594e+001 2.3597309875488281e+002
  1.0572532653808594e+002 2.3611167907714844e+002
  1.4841665649414062e+002 2.3603181457519531e+002
  1.9083776855468750e+002 2.3574945068359375e+002
  2.3442695617675781e+002 2.3563838195800781e+002
  2.7763568115234375e+002 2.3559651184082031e+002
  3.2203588867187500e+002 2.3575112915039062e+002
  3.6645278930664062e+002 2.3577018737792969e+002
  4.1054638671875000e+002 2.3583979797363281e+002
  4.5419869995117187e+002 2.3607218933105469e+002
  4.9737307739257812e+002 2.3636125183105469e+002
  5.4054113769531250e+002 2.3669944763183594e+002
  5.8339941406250000e+002 2.3686866760253906e+002
  6.2610467529296875e+002 2.3704174804687500e+002
  2.0664152145385742e+001 2.7921481323242187e+002
  6.3537788391113281e+001 2.7923010253906250e+002
  1.0565765380859375e+002 2.7949957275390625e+002
  1.4830296325683594e+002 2.7956909179687500e+002
  1.9070683288574219e+002 2.7962100219726562e+002
  2.3434138488769531e+002 2.7965505981445312e+002
  2.7751834106445312e+002 2.7977648925781250e+002
  3.2188885498046875e+002 2.8001995849609375e+002
  3.6632495117187500e+002 2.8000192260742187e+002
  4.1046954345703125e+002 2.8011065673828125e+002
  4.5386618041992187e+002 2.8014566040039062e+002
  4.9715789794921875e+002 2.8024765014648437e+002
  5.4035406494140625e+002 2.8039682006835937e+002
  5.8296063232421875e+002 2.8041131591796875e+002
  6.2542004394531250e+002 2.8036923217773437e+002
  2.1126089096069336e+001 3.2218472290039062e+002
  6.3889907836914063e+001 3.2215951538085937e+002
  1.0597521972656250e+002 3.2245440673828125e+002
  1.4840443420410156e+002 3.2288583374023437e+002
  1.9077069091796875e+002 3.2313906860351562e+002
  2.3438461303710937e+002 3.2338281250000000e+002
  2.7745190429687500e+002 3.2351248168945312e+002
  3.2166598510742188e+002 3.2386721801757812e+002
  3.6611404418945312e+002 3.2388888549804687e+002
  4.1039663696289062e+002 3.2393911743164062e+002
  4.5368203735351562e+002 3.2379461669921875e+002
  4.9666192626953125e+002 3.2372064208984375e+002
  5.3984246826171875e+002 3.2364086914062500e+002
  5.8230493164062500e+002 3.2343566894531250e+002
  6.2449731445312500e+002 3.2333920288085937e+002
  2.1698787689208984e+001 3.6491345214843750e+002
  6.4537109375000000e+001 3.6481002807617187e+002
  1.0643770599365234e+002 3.6538320922851563e+002
  1.4868235778808594e+002 3.6586700439453125e+002
  1.9116952514648437e+002 3.6643325805664062e+002
  2.3446067810058594e+002 3.6679428100585937e+002
  2.7749179077148437e+002 3.6719931030273437e+002
  3.2156317138671875e+002 3.6753662109375000e+002
  3.6579031372070312e+002 3.6771176147460937e+002
  4.1007748413085937e+002 3.6784057617187500e+002
  4.5358334350585937e+002 3.6765548706054687e+002
  4.9653860473632812e+002 3.6740667724609375e+002
  5.3942785644531250e+002 3.6696313476562500e+002
  5.8163653564453125e+002 3.6651654052734375e+002
  6.2350360107421875e+002 3.6599270629882813e+002
  2.2571664810180664e+001 4.0721353149414062e+002
  6.5327583312988281e+001 4.0704397583007812e+002
  1.0702087402343750e+002 4.0764044189453125e+002
  1.4931347656250000e+002 4.0846411132812500e+002
  1.9147296142578125e+002 4.0918319702148437e+002
  2.3464259338378906e+002 4.0952758789062500e+002
  2.7753079223632812e+002 4.1021221923828125e+002
  3.2152862548828125e+002 4.1041220092773437e+002
  3.6553875732421875e+002 4.1060229492187500e+002
  4.0951107788085937e+002 4.1076876831054687e+002
  4.5307461547851562e+002 4.1075292968750000e+002
  4.9645941162109375e+002 4.1066775512695312e+002
  5.3928857421875000e+002 4.1002267456054687e+002
  5.8164520263671875e+002 4.0941534423828125e+002
  6.2396032714843750e+002 4.0887469482421875e+002
  2.3565698623657227e+001 4.4937643432617187e+002
  6.6246810913085937e+001 4.4916372680664062e+002
  1.0768095397949219e+002 4.4981750488281250e+002
  1.4984953308105469e+002 4.5075012207031250e+002
  1.9213533020019531e+002 4.5151519775390625e+002
  2.3504478454589844e+002 4.5226434326171875e+002
